100 1200.000000 0.100000 50 3.000000 300 300
122.000000 299.000000 0 0 1.000000
134.000000 263.000000 0 0 2.000000
252.000000 87.000000 0 0 1.000000
233.000000 284.000000 0 0 4.000000
247.000000 17.000000 0 0 2.000000
284.000000 213.000000 0 0 3.000000
53.000000 293.000000 0 0 4.000000
232.000000 163.000000 0 0 4.000000
66.000000 46.000000 0 0 2.000000
129.000000 246.000000 0 0 5.000000
202.000000 120.000000 0 0 1.000000
122.000000 254.000000 0 0 4.000000
130.000000 259.000000 0 0 3.000000
185.000000 192.000000 0 0 3.000000
55.000000 192.000000 0 0 5.000000
87.000000 176.000000 0 0 1.000000
219.000000 281.000000 0 0 4.000000
55.000000 265.000000 0 0 2.000000
205.000000 84.000000 0 0 5.000000
77.000000 213.000000 0 0 3.000000
13.000000 115.000000 0 0 5.000000
249.000000 289.000000 0 0 5.000000
199.000000 120.000000 0 0 1.000000
237.000000 57.000000 0 0 3.000000
11.000000 113.000000 0 0 2.000000
50.000000 200.000000 0 0 3.000000
55.000000 171.000000 0 0 2.000000
105.000000 226.000000 0 0 2.000000
18.000000 132.000000 0 0 1.000000
278.000000 261.000000 0 0 1.000000
287.000000 26.000000 0 0 1.000000
117.000000 275.000000 0 0 3.000000
253.000000 227.000000 0 0 3.000000
48.000000 216.000000 0 0 2.000000
87.000000 227.000000 0 0 5.000000
19.000000 29.000000 0 0 5.000000
178.000000 137.000000 0 0 2.000000
19.000000 242.000000 0 0 5.000000
178.000000 261.000000 0 0 2.000000
120.000000 291.000000 0 0 5.000000
276.000000 30.000000 0 0 2.000000
298.000000 147.000000 0 0 4.000000
10.000000 152.000000 0 0 1.000000
194.000000 200.000000 0 0 2.000000
136.000000 40.000000 0 0 1.000000
190.000000 59.000000 0 0 1.000000
197.000000 289.000000 0 0 3.000000
23.000000 61.000000 0 0 2.000000
179.000000 239.000000 0 0 3.000000
116.000000 59.000000 0 0 1.000000
117.000000 35.000000 0 0 2.000000
93.000000 86.000000 0 0 1.000000
97.000000 96.000000 0 0 4.000000
79.000000 43.000000 0 0 1.000000
278.000000 179.000000 0 0 1.000000
103.000000 121.000000 0 0 2.000000
258.000000 18.000000 0 0 2.000000
2.000000 93.000000 0 0 3.000000
289.000000 273.000000 0 0 4.000000
288.000000 141.000000 0 0 5.000000
31.000000 258.000000 0 0 1.000000
104.000000 104.000000 0 0 4.000000
24.000000 253.000000 0 0 2.000000
149.000000 32.000000 0 0 5.000000
175.000000 10.000000 0 0 4.000000
292.000000 166.000000 0 0 1.000000
169.000000 176.000000 0 0 1.000000
87.000000 179.000000 0 0 5.000000
66.000000 168.000000 0 0 5.000000
284.000000 208.000000 0 0 1.000000
13.000000 239.000000 0 0 1.000000
130.000000 43.000000 0 0 2.000000
33.000000 120.000000 0 0 5.000000
85.000000 269.000000 0 0 3.000000
179.000000 196.000000 0 0 5.000000
205.000000 189.000000 0 0 3.000000
52.000000 58.000000 0 0 5.000000
217.000000 145.000000 0 0 4.000000
228.000000 211.000000 0 0 4.000000
212.000000 247.000000 0 0 4.000000
89.000000 260.000000 0 0 4.000000
225.000000 143.000000 0 0 4.000000
216.000000 176.000000 0 0 4.000000
213.000000 13.000000 0 0 4.000000
242.000000 245.000000 0 0 5.000000
33.000000 150.000000 0 0 1.000000
291.000000 254.000000 0 0 4.000000
125.000000 171.000000 0 0 1.000000
190.000000 152.000000 0 0 4.000000
175.000000 64.000000 0 0 1.000000
68.000000 206.000000 0 0 4.000000
253.000000 183.000000 0 0 2.000000
234.000000 151.000000 0 0 5.000000
282.000000 64.000000 0 0 4.000000
52.000000 6.000000 0 0 1.000000
19.000000 40.000000 0 0 1.000000
174.000000 31.000000 0 0 2.000000
140.000000 208.000000 0 0 3.000000
250.000000 150.000000 0 0 2.000000
76.000000 77.000000 0 0 2.000000
